{
 "cells": [
  {
   "cell_type": "code",
   "id": "205c7ce34a581004",
   "metadata": {
    "ExecuteTime": {
     "end_time": "2026-05-19T19:24:44.915369Z",
     "start_time": "2026-05-19T19:24:44.904466Z"
    }
   },
   "source": [
    "import sys, pathlib\n",
    "\n",
    "sys.path.insert(0, str(pathlib.Path().resolve()))\n",
    "\n",
    "import numpy as np\n",
    "from algorithms.svd_manual import compute_svd_manual\n",
    "from utils.helpers import print_matrix, matrix_norm\n",
    "from utils.generate_matrix import generate_matrix\n",
    "from benchmark import run_power_method_experiment, plot_results\n",
    "\n",
    "NORMS = [1, 2, 3, 4, np.inf]\n",
    "SEED = 17"
   ],
   "outputs": [],
   "execution_count": 7
  },
  {
   "metadata": {},
   "cell_type": "markdown",
   "source": "## Punkt 1 - Metoda potęgowa dla macierzy 3 x 3",
   "id": "f631a4cd8414e93c"
  },
  {
   "metadata": {
    "ExecuteTime": {
     "end_time": "2026-05-19T19:24:49.176355Z",
     "start_time": "2026-05-19T19:24:46.054237Z"
    }
   },
   "cell_type": "code",
   "source": [
    "A = generate_matrix()\n",
    "print(np.array2string(A, separator=', '))\n",
    "results = run_power_method_experiment(A)\n",
    "plot_results(results)"
   ],
   "id": "c319bc6c0343b639",
   "outputs": [
    {
     "name": "stdout",
     "output_type": "stream",
     "text": [
      "[[10.18401738, -3.74854635,  1.39947976],\n",
      " [-3.74854635, 10.14797067, -0.06626128],\n",
      " [ 1.39947976, -0.06626128, 11.46948909]]\n"
     ]
    }
   ],
   "execution_count": 8
  },
  {
   "cell_type": "markdown",
   "id": "1287c7cc",
   "metadata": {},
   "source": "## Punkt 2 – Ręczne SVD przez eigendecomposition AA^T"
  },
  {
   "cell_type": "code",
   "execution_count": 2,
   "id": "3d0de7a5",
   "metadata": {
    "ExecuteTime": {
     "end_time": "2026-05-19T19:02:30.447141Z",
     "start_time": "2026-05-19T19:02:30.393273Z"
    }
   },
   "outputs": [
    {
     "name": "stdout",
     "output_type": "stream",
     "text": [
      "\n",
      "Macierz A (seed=17):\n",
      "[[ 3.450748 -3.390269  0.577445]\n",
      " [-1.319201 -2.85058  -1.14176 ]\n",
      " [-0.718355  1.113431  2.363859]]\n",
      "\n",
      "B = AA^T:\n",
      "[[23.735029  4.452702 -4.888694]\n",
      " [ 4.452702 11.169714 -4.925229]\n",
      " [-4.888694 -4.925229  7.343591]]\n"
     ]
    }
   ],
   "source": [
    "rng = np.random.default_rng(SEED)\n",
    "A = rng.uniform(-5.0, 5.0, size=(3, 3))\n",
    "B = A @ A.T\n",
    "\n",
    "print_matrix(A, \"Macierz A (seed=17)\")\n",
    "print_matrix(B, \"B = AA^T\")"
   ]
  },
  {
   "cell_type": "code",
   "execution_count": 3,
   "id": "acc8f820",
   "metadata": {
    "ExecuteTime": {
     "end_time": "2026-05-19T19:02:54.188941Z",
     "start_time": "2026-05-19T19:02:54.174968Z"
    }
   },
   "outputs": [
    {
     "name": "stdout",
     "output_type": "stream",
     "text": [
      "\n",
      "U (lewe wektory singularne – kolumny):\n",
      "[[-0.888829 -0.448458  0.094169]\n",
      " [-0.342135  0.786172  0.514661]\n",
      " [ 0.304837 -0.425228  0.852206]]\n",
      "\n",
      "D (diagonalna – wartości singularne):\n",
      "[[5.208229 0.       0.      ]\n",
      " [0.       3.360614 0.      ]\n",
      " [0.       0.       1.956773]]\n",
      "\n",
      "V (prawe wektory singularne – kolumny):\n",
      "[[-0.544285 -0.6782   -0.493759]\n",
      " [ 0.831006 -0.355327 -0.427985]\n",
      " [ 0.114814 -0.643263  0.756988]]\n",
      "\n",
      "Rekonstrukcja  U · D · V^T:\n",
      "[[ 3.450748 -3.390269  0.577445]\n",
      " [-1.319201 -2.85058  -1.14176 ]\n",
      " [-0.718355  1.113431  2.363859]]\n",
      "\n",
      "Oryginalna A:\n",
      "[[ 3.450748 -3.390269  0.577445]\n",
      " [-1.319201 -2.85058  -1.14176 ]\n",
      " [-0.718355  1.113431  2.363859]]\n"
     ]
    }
   ],
   "source": [
    "U, D, V = compute_svd_manual(A)\n",
    "\n",
    "print_matrix(U, \"U (lewe wektory singularne – kolumny)\")\n",
    "print_matrix(D, \"D (diagonalna – wartości singularne)\")\n",
    "print_matrix(V, \"V (prawe wektory singularne – kolumny)\")\n",
    "\n",
    "A_manual = U @ D @ V.T\n",
    "print_matrix(A_manual, \"Rekonstrukcja  U · D · V^T\")\n",
    "print_matrix(A, \"Oryginalna A\")"
   ]
  },
  {
   "cell_type": "markdown",
   "id": "14197013",
   "metadata": {},
   "source": "## Punkt 4 – Porównanie z numpy.linalg.svd"
  },
  {
   "cell_type": "code",
   "execution_count": 4,
   "id": "35894143",
   "metadata": {
    "ExecuteTime": {
     "end_time": "2026-05-19T19:03:17.270316Z",
     "start_time": "2026-05-19T19:03:17.253724Z"
    }
   },
   "outputs": [
    {
     "name": "stdout",
     "output_type": "stream",
     "text": [
      "\n",
      "U (numpy):\n",
      "[[-0.888829  0.448458  0.094169]\n",
      " [-0.342135 -0.786172  0.514661]\n",
      " [ 0.304837  0.425228  0.852206]]\n",
      "\n",
      "S (numpy – wartości singularne na diagonali):\n",
      "[[5.208229 0.       0.      ]\n",
      " [0.       3.360614 0.      ]\n",
      " [0.       0.       1.956773]]\n",
      "\n",
      "V  (numpy):\n",
      "[[-0.544285  0.6782   -0.493759]\n",
      " [ 0.831006  0.355327 -0.427985]\n",
      " [ 0.114814  0.643263  0.756988]]\n"
     ]
    }
   ],
   "source": [
    "U_np, s_np, VT_np = np.linalg.svd(A)\n",
    "S_np = np.zeros((3, 3))\n",
    "np.fill_diagonal(S_np, s_np)\n",
    "A_numpy = U_np @ S_np @ VT_np\n",
    "\n",
    "print_matrix(U_np, \"U (numpy)\")\n",
    "print_matrix(np.diag(s_np), \"S (numpy – wartości singularne na diagonali)\")\n",
    "print_matrix(VT_np.T, \"V  (numpy)\")"
   ]
  },
  {
   "cell_type": "code",
   "execution_count": 5,
   "id": "5358f041",
   "metadata": {
    "ExecuteTime": {
     "end_time": "2026-05-19T19:03:20.113589Z",
     "start_time": "2026-05-19T19:03:20.094367Z"
    }
   },
   "outputs": [
    {
     "name": "stdout",
     "output_type": "stream",
     "text": [
      "\n",
      "Norma           ‖UDVᵀ−A‖ ręczne                numpy\n",
      "  ------------------------------------------------\n",
      "  p=1              4.44089210e-15       1.33226763e-14\n",
      "  p=2              1.94209711e-15       5.00463123e-15\n",
      "  p=3              1.57591301e-15       3.83102716e-15\n",
      "  p=4              1.45251198e-15       3.44994887e-15\n",
      "  p=∞              1.33226763e-15       3.10862447e-15\n"
     ]
    }
   ],
   "source": [
    "fmt_p = lambda p: \"∞\" if p == np.inf else str(p)\n",
    "\n",
    "print(f\"\\n{'Norma':<8} {'‖UDVᵀ−A‖ ręczne':>22} {'numpy':>20}\")\n",
    "print(\"  \" + \"-\" * 48)\n",
    "for p in NORMS:\n",
    "    e_man = matrix_norm(A_manual - A, p)\n",
    "    e_np = matrix_norm(A_numpy - A, p)\n",
    "    print(f\"  p={fmt_p(p):<6} {e_man:>22.8e} {e_np:>20.8e}\")"
   ]
  }
 ],
 "metadata": {
  "kernelspec": {
   "display_name": "Python 3 (ipykernel)",
   "language": "python",
   "name": "python3"
  }
 },
 "nbformat": 4,
 "nbformat_minor": 5
}
